[Types]
MEG=pT/cm
REFERENCE=pT/cm
EEG=µV/cm
SEEG=µV/cm
EMG=µV/cm
TRIGGER=unit/cm
OTHER=unit/cm
ICA=unit/cm
SOURCE=unit/cm

[Values]
MEG=0.1 0.2 0.3 0.4 0.5 0.6 0.7 0.8 0.9 1 2 3 4 5 6 7 8 9 10 11 12 13 14 15 16 17 18 19 20 21 22 23 24 25 26 27 28 29 30 31 32 33 34 35 40 45 50 55 60 65 70 75 80 90 100 110 120 130 140 150
REFERENCE=0.1 0.2 0.4 0.6 0.8 1 2 4 6 8 10 12 14 16 18 20 22 24 26 28 30 35 40 45 50 55 60 65 70 75 80 90 100 110 120 130 140 150
EEG=1E-6 2E-6 5E-6 1E-5 2E-5 5E-5 1E-4 2E-4 5E-4 1E-3 2E-3 5E-3 0.02 0.05 0.1 0.2 0.5 1. 2. 5. 10. 20. 50. 100. 150. 200. 300 400 500 600 700 800 900 1000 1125 1250 1375 1500 1625 1800 1900 2000 2250 2500 2750 3000
SEEG=1E-6 2E-6 5E-6 1E-5 2E-5 5E-5 1E-4 2E-4 5E-4 1E-3 2E-3 5E-3 0.02 0.05 0.1 0.2 0.5 1 5 10 20 50 100 150 200 300 400 500 600 700 800 900 1000 1125 1250 1375 1500 1750 2000
EMG=0.05 0.2 0.5 1 5 10 25 50 75 100 175 250 300 350 400 450 500 550 600 650 700 750 800 850 900 950 1000 1125 1250 1375 1500 1625 1750 1875 2000 2250 2500 2750 3000 
ECG=0.05 0.2 0.5 1 5 10 25 50 75 100 175 250 300 350 400 450 500 550 600 650 700 750 800 850 900 950 1000 1125 1250 1375 1500 1625 1750 1875 2000 2250 2500 2750 3000 
TRIGGER=0.02 0.05 0.1 0.2 0.4 0.6 0.8 1 2 5 10 25 50 100 150 200 300 500 700 850 1000 1250 1500 1750 2000
ICA=0.00000000001 0.0000000001 0.000000001 0.00000001 0.0000001 0.00001 0.0001 0.001 0.01 0.02 0.05 0.1 0.2 0.4 0.6 0.8 1 2 5 10 25 50 100 150 200 300 500 700 850 1000 1250 1500 1750 2000
SOURCE=0.02 0.05 0.1 0.2 0.4 0.6 0.8 1 2 5 10 25 50 100 150 200 300 500 700 850 1000 1250 1500 1750 2000
OTHER=0.02 0.05 0.1 0.2 0.4 0.6 0.8 1 2 5 10 25 50 100 150 200 300 500 700 850 1000 1250 1500 1750 2000


 
