[Types]
MEG=pT/cm
EEG=µV/cm
SEEG=µV/cm
EMG=µV/cm
TRIGGER=unit/cm
OTHER=unit/cm
ICA=unit/cm
SOURCE=unit/cm

[Values]
MEG=0.1 0.2 0.4 0.6 0.8 1 2 5 10 25 50 100 125 150 175 200 250 300 400 500 600 700 800 900 1000

EEG=0.05 0.2 0.5 1. 2. 5. 10. 20. 50. 100. 150. 200. 300 400 500 600 700 800 900 1000 1125 1250 1375 1500 1625 1800 1900 2000

SEEG=0.005 0.02 0.05 0.1 0.2 0.5 1 5 10 20 50 100 150 200 300 400 500 600 700 800 900 1000 1125 1250 1375 1500 1750 2000

EMG=0.05 0.2 0.5 1 5 10 25 50 75 100 175 250 300 350 400 450 500 550 600 650 700 750 800 850 900 950 1000 1125 1250 1375 1500 1625 1750 1875 2000

TRIGGER=0.02 0.05 0.1 0.2 0.4 0.6 0.8 1 2 5 10 25 50 100 150 200 300 500 700 850 1000 1250 1500 1750 2000

ICA=0.1E-12 0.2E-12 0.5E-12 1E-12 1E-11 1E-10 1E-9 1E-8 1E-7 1E-6 1E-5 1E-4 1E-3 0.02 0.05 0.1 0.2 0.4 0.6 0.8 1 2 5 10 25 50 100 150 200 300 500 700 850 1000 1250 1500 1750 2000

SOURCE=0.02 0.05 0.1 0.2 0.4 0.6 0.8 1 2 5 10 25 50 100 150 200 300 500 700 850 1000 1250 1500 1750 2000

OTHER=0.02 0.05 0.1 0.2 0.4 0.6 0.8 1 2 5 10 25 50 100 150 200 300 500 700 850 1000 1250 1500 1750 2000


 
